200 200 200
109 69 68 174 172 98 104 
165 172 103 52 55 79 117 
50 173 116 74 71 93 144 
69 178 120 56 156 180 116 
173 129 138 15 80 128 172 
21 143 167 166 28 194 116 
50 118 40 166 101 22 79 
86 160 158 4 191 32 8 
92 111 148 116 26 4 66 
158 46 9 185 4 31 27 
63 112 182 31 193 53 37 
3 117 41 167 187 86 100 
167 134 169 88 179 184 62 
73 50 56 80 78 43 109 
152 8 168 84 86 195 171 
125 146 116 32 168 195 18 
92 10 134 87 51 164 97 
152 8 141 152 51 33 127 
159 161 153 128 113 76 146 
26 25 51 18 92 23 52 
46 98 198 65 85 83 59 
182 126 130 168 97 51 192 
146 83 168 127 56 167 23 
122 29 184 62 91 160 95 
132 156 106 6 135 51 127 
15 82 128 192 120 133 160 
91 93 111 14 160 78 50 
147 95 78 43 165 163 107 
96 58 184 136 110 113 145 
20 25 198 35 27 31 132 
166 146 127 32 77 61 172 
27 196 11 6 128 153 116 
43 119 174 66 145 41 150 
30 8 133 30 148 6 50 
38 81 146 78 72 196 29 
63 8 27 182 56 28 143 
157 110 158 19 10 27 128 
17 55 115 128 126 107 125 
76 191 129 140 143 44 88 
71 181 179 172 54 139 112 
45 78 18 83 174 30 198 
147 192 99 2 106 56 73 
30 49 95 51 60 54 41 
149 143 130 41 151 93 152 
114 93 103 43 32 141 54 
31 17 8 168 67 6 109 
155 101 166 163 10 125 173 
110 167 8 35 70 197 189 
30 1 162 193 51 139 60 
113 93 143 145 21 52 5 
27 34 170 108 32 48 25 
157 83 60 17 93 77 118 
99 84 12 188 121 25 199 
122 128 115 55 53 54 19 
180 154 188 187 158 98 173 
29 181 18 78 47 155 184 
125 181 144 136 143 104 158 
176 124 46 102 152 190 41 
162 111 179 4 93 129 134 
84 56 13 149 43 127 143 
174 171 123 185 172 49 153 
111 25 183 171 115 75 191 
189 6 52 45 130 193 165 
45 16 75 3 132 74 197 
91 133 16 196 177 69 7 
83 8 0 53 74 28 131 
29 126 63 28 36 83 112 
128 92 84 116 150 14 26 
62 123 91 132 84 55 149 
166 58 144 129 45 163 93 
192 25 20 182 78 156 147 
171 82 58 8 18 175 1 
188 45 83 12 175 178 142 
27 126 37 141 12 149 59 
168 32 144 25 9 23 185 
132 126 133 18 136 162 144 
97 44 68 90 134 10 72 
89 185 21 145 103 10 71 
34 128 44 108 17 2 7 
19 98 158 36 50 100 49 
173 82 37 62 169 196 16 
65 138 95 131 183 125 175 
190 93 194 55 105 30 13 
98 70 81 44 7 98 91 
25 64 162 51 57 39 192 
154 85 71 69 144 142 12 
97 28 63 118 179 35 109 
3 50 86 135 126 144 9 
194 133 127 10 143 151 141 
11 157 23 134 145 30 153 
20 105 112 176 41 188 85 
126 172 71 141 173 131 145 
18 182 112 143 84 0 191 
90 14 180 63 155 41 111 
119 173 40 63 34 116 187 
137 174 45 111 82 97 110 
102 124 6 87 100 28 193 
138 162 138 54 190 137 169 
58 82 103 181 40 43 23 
35 47 141 197 74 143 46 
137 27 55 64 192 58 81 
99 64 156 56 194 35 113 
128 197 101 21 95 103 25 
153 146 33 176 183 187 142 
4 118 114 104 197 178 26 
4 81 32 157 185 113 16 
139 54 34 20 159 44 169 
152 58 130 195 155 52 152 
124 141 63 95 14 137 159 
191 148 69 183 24 167 159 
142 173 81 35 162 85 184 
50 91 124 125 37 179 82 
142 66 13 194 113 182 84 
198 146 52 101 185 135 28 
167 197 161 32 185 62 30 
188 21 87 77 124 133 43 
137 57 107 47 162 23 45 
30 184 185 136 84 98 78 
28 120 22 25 97 28 177 
131 104 102 73 123 93 60 
137 113 84 59 197 135 97 
177 23 17 196 116 193 71 
117 154 28 184 53 10 24 
169 101 115 133 127 106 188 
178 1 130 68 131 17 104 
75 112 69 54 192 156 33 
171 92 84 167 171 102 105 
130 119 17 79 188 164 150 
84 64 168 118 130 7 61 
62 153 178 180 27 121 76 
139 46 137 110 120 42 48 
26 65 35 66 188 41 8 
45 5 52 188 9 2 113 
71 109 61 190 48 74 183 
155 26 77 178 121 127 74 
151 104 150 189 43 139 190 
115 87 191 0 40 166 116 
101 2 127 131 40 166 140 
73 37 146 122 138 169 147 
186 114 196 168 79 136 21 
150 153 44 188 141 145 66 
198 99 22 103 28 160 111 
59 69 74 42 8 126 162 
21 35 103 198 43 136 64 
160 161 26 147 71 169 171 
179 28 62 177 158 48 154 
107 143 52 21 90 135 58 
79 43 85 106 119 83 110 
68 60 11 34 172 8 162 
143 140 3 116 15 176 13 
144 14 131 176 53 135 144 
192 29 76 34 57 113 178 
114 141 182 164 151 45 14 
55 10 151 177 158 186 110 
126 141 134 69 93 193 151 
167 15 18 140 183 153 60 
114 67 90 52 71 14 70 
146 12 8 69 121 34 17 
172 58 184 33 66 30 107 
51 13 115 128 19 181 137 
182 142 146 13 40 169 106 
102 25 141 38 118 32 193 
141 43 111 113 41 118 182 
85 57 139 109 61 134 179 
162 3 106 110 175 97 141 
53 80 133 106 184 196 3 
10 195 42 162 16 30 6 
145 21 156 12 99 68 148 
187 104 80 63 198 47 140 
105 183 48 28 76 109 71 
19 105 56 46 196 144 98 
2 189 154 120 105 64 5 
73 130 19 24 198 174 75 
56 3 197 21 138 141 76 
126 145 53 86 187 195 12 
0 3 71 79 161 35 81 
29 26 90 97 190 98 79 
57 174 102 111 46 138 39 
100 81 130 172 154 30 32 
146 4 164 185 40 134 14 
57 88 148 90 180 155 51 
104 178 116 30 149 50 0 
77 57 186 44 176 157 102 
136 130 169 191 43 76 181 
62 15 31 118 162 150 135 
148 61 52 132 130 110 159 
74 197 106 61 91 16 20 
117 99 79 80 17 37 171 
130 2 197 166 44 156 29 
127 111 51 187 176 138 118 
147 86 81 131 57 128 84 
42 156 40 121 68 143 32 
174 91 12 40 6 69 190 
138 167 32 193 83 152 10 
182 145 168 85 12 97 45 
64 73 149 83 46 133 184 
195 133 31 143 140 107 138 
167 118 15 121 136 176 67 
44 75 59 125 194 195 175 
175 79 16 149 68 144 49 
